name: deerhack
channels:
  - conda-forge
  - defaults
dependencies:
  - bzip2=1.0.8=h8ffe710_4
  - ca-certificates=2021.10.8=h5b45459_0
  - dlib=19.23.1=py39hf8509d4_0
  - freeglut=3.2.2=h0e60522_1
  - freetype=2.10.4=h546665d_1
  - icu=69.1=h0e60522_0
  - intel-openmp=2022.0.0=h57928b3_3663
  - jasper=2.0.33=h77af90b_0
  - jbig=2.1=h8d14728_2003
  - jpeg=9e=h8ffe710_1
  - lerc=3.0=h0e60522_0
  - libblas=3.9.0=14_win64_mkl
  - libcblas=3.9.0=14_win64_mkl
  - libclang=13.0.1=default_h81446c8_0
  - libdeflate=1.10=h8ffe710_0
  - libffi=3.4.2=h8ffe710_5
  - liblapack=3.9.0=14_win64_mkl
  - liblapacke=3.9.0=14_win64_mkl
  - libopencv=4.5.5=py39hb20b4e8_9
  - libpng=1.6.37=h1d00b33_2
  - libprotobuf=3.20.1=h7755175_0
  - libtiff=4.3.0=hc4061b1_3
  - libwebp-base=1.2.2=h8ffe710_1
  - libzlib=1.2.11=h8ffe710_1014
  - lz4-c=1.9.3=h8ffe710_1
  - mkl=2022.0.0=h0e2418a_796
  - numpy=1.22.3=py39h0948cea_2
  - opencv=4.5.5=py39hcbf5309_9
  - openssl=1.1.1n=h8ffe710_0
  - pip=22.0.4=pyhd8ed1ab_0
  - py-opencv=4.5.5=py39h832f523_9
  - python=3.9.12=h9a09f29_1_cpython
  - python_abi=3.9=2_cp39
  - qt=5.12.9=h556501e_6
  - setuptools=62.1.0=py39hcbf5309_0
  - sqlite=3.38.3=h8ffe710_0
  - tbb=2021.5.0=h2d74725_1
  - tk=8.6.12=h8ffe710_0
  - tzdata=2022a=h191b570_0
  - ucrt=10.0.20348.0=h57928b3_0
  - vc=14.2=hb210afc_6
  - vs2015_runtime=14.29.30037=h902a5da_6
  - wheel=0.37.1=pyhd8ed1ab_0
  - xz=5.2.5=h62dcd97_1
  - zlib=1.2.11=h8ffe710_1014
  - zstd=1.5.2=h6255e5f_0
  - pip:
    - cmake==3.22.4
    - imutils==0.5.4
    - pyvirtualcam==0.9.1
    - scipy==1.8.0
    - pyautogui==0.9.53
